213112
213135
213200
213271
213267
213273
213446
213511
213573
213588
213658
213666
213676
213745
213737
213907
214077
214078
214234
214235
214230
214220
214190
214185
214202
214209
214225
214376
214413
214450
214479
214477
214478
214463
214508
214515
214574
214607
214619
214631
214617
214618
214695
214742
214780
214786
214935
214957
215023
215140
215105
215240
215300
215309
215411
215455
215412
215475
215636
215648
215774
215703
215982
216108
216078
216114
216099
216093
216115
216160
216145
216161
216155
216194
216150
216196
216197
216195
216198
216227
216242
216318
216352
216344
216424
216426
216425
216463
216461
216532
216534
216544
216561
216641
216694
216696
216672
216706
216667
216741
216761
216682
216643
216876
216883
216889
216926
216946
217004
217006
217019
217015
217114
217189
217223
217120
217411
217891
218032
218258
218689
218719
218793
218789
218929
218948
218940
219079
219134
219126
219135
219132
219139
219174
219136
219294
219330
219431
219474
219477
219451
219476
219478
219481
219612
219615
219611
219655
219640
219677
219715
219710
219915
220325
220437
221828
221951
221898
221826
221900
222004
222073
222060
222171
222236
222275
222261
222328
222348
222314
222393
222307
222332
222388
222396
222427
222506
222507
222508
222560
222591
222403
222610
222638
222671
222689
222655
222779
222796
222793
222795
222794
222787
223375
223349
223373
223376
228017
230022
230121
230141
230122
230439
230527
230470
230616
230395
230692
230228
230906
231155
231396
231473
231342
231580
231444
231712
231750
231323
231866
231876
231941
231925
231948
231953
231972
232024
231983
232088
232090
232060
232176
232170
232202
232203
232211
232138
232259
232355
232386
232431
232421
232489
232570
232563
232676
232690
232572
232744
232663
232716
232760
232686
232755
232836
232828
232907
232838
232916
232959
232957
233056
233091
233082
233142
233008
233179
233133
233137
233248
233178
234092
234428
234472
234654
234588
234631
234701
234915
235154
235161
235166
235183
235200
235171
235202
235097
235236
235169
235170
235231
234950
235155
235232
235264
235280
235253
235352
235364
235365
235369
235370
235374
235377
235331
235363
235378
235380
235368
235362
235367
235376
235406
235339
235429
235405
235528
235531
235543
235595
235620
235682
235719
235723
235756
235761
235670
235770
235729
235713
235811
235836
235798
235826
235876
235932
235964
235948
235972
235950
235968
236021
235987
236028
236037
236013
236006
236089
236098
236104
236101
236119
236095
236202
236169
236250
236194
236277
236306
236211
236334
236303
236313
236383
236429
236422
236718
236612
236682
236594
236691
236622
238251
238189
238377
238258
238177
238173
239710
238250
240515
240613
240646
240661
240766
240759
240943
241084
241296
241509
241440
241213
241459
241375
241345
241740
241802
241864
241921
242015
242007
242319
242281
241990
242034
244128
244120
244210
244311
244272
244439
244300
244467
244529
244457
244550
244696
244778
244874
244993
244873
245159
245171
245524
245565
245362
245558
245546
245569
245501
245578
245615
245584
245651
245660
245710
245685
245816
245693
245811
245799
245817
245739
245805
245792
254242
254279
254350
254352
254574
254884
254684
254891
254775
254880
254814
255247
254889
254999
255224
255200
255302
255246
255263
254894
255495
255496
255591
255689
255691
255609
255629
255690
255688
255918
255920
255902
255990
256148
256147
256029
256150
256146
256144
256145
256143
256181
256182
256128
256149
256136
256207
256219
256220
256223
256215
256222
256216
256217
256204
256221
256208
256206
256205
256218
256250
256210
256212
256214
256209
256265
256356
256213
256211
256316
256380
256323